1055829
1168813
1174733
1220941
1307325
1315861
1428111
1452635
1453255
1459486
1491370
1507977
1516650
1521306
1565449
1583098
1591255
1594650
1603293
1614602
1639376
1656283
1663078
1663858
1669225
1714747
1742769
1801146
1818114
1830179
1830630
1879105
1941601
1945640
1960706
1999123
2046348
2300937
2323810
2420143
2437347
2440270
2443791
2531786
2576956
2578445
2585454
2608776
2634843
2668385
2714974
2737883
2773651
2802292
2822145
2926160
2946017
2980940
3015971
3024121
3074263
3094932
3105888
3115607
3129256
3140968
3177984
3190801
3260023
3277115
3329935
3366979
3369800
3380322
3392547
3403136
3409287
3409986
3415762
3425340
3507800
3511880
3525685
3557628
3626225
3800566
3855107
3865992
3894164
3915173
3945011
4036989
4038734
4051540
4136163
4145588
4243971
4259651
4329171
4337913
4343364
4369592
4380825
4425896
4434427
4446002
4462636
4487678
4555098
4559443
4594354
4599909
4608202
4703628
4723158
4741857
4744081
4844099
4854563
4860234
4887019
4895781
5057910
5228699
5266742
5285735
5315756
5338955
5369706
5380439
5437568
5490632
5564166
5572888
5574725
5593328
5642139
5691820
5710938
5741307
5777938
5787025
5788455
5810584
5813531
5883047
5883500
5884364
5888439
5916499
5950034
5955825
5977748
6056137
6066899
6129001
6135206
6135944
6231252
6326024
6390274
6456194
6463169
6555704
6567113
6574448
6582145
6601121
6615826
6659255
6682931
6695660
6791217
6819064
6840851
6851349
6942658
6992955
7041100
7074087
7081736
7180553
7182151
7235371
7265904
7271906
7278871
7335952
7428112
7430396
7491270
7515382
7601789
7617115
7629003
7643136
7656147
7676206
7677997
7710417
7811442
7823071
7841579
7854504
7932570
7941284
7956084
7964544
8023129
8027388
8042729
8047864
8047949
8284124
8289926
8358545
8390557
8445036
8455739
8460374
8467938
8497683
8532168
8619703
8638184
8717289
8768095
8771631
8856960
8863495
8939405
8948715
8958718
8989177
8997052
9011403
9024415
9037371
9038246
9062495
9065515
9067051
9086539
9115045
9165417
9191062
9209416
9215876
9230619
9319688
9323450
9327700
9391969
9419200
9536571
9570939
9587233
9639162
9650180
9678451
9685328
9705356
9731838
9741650
9771665
9785619
9792333
9838325
9868733
9889870
9925332
9951297
9953960
Source: https://www.random.org/strings/?mode=advanced